"V1"	"V2"	"V3"	"V4"	"V5"	"V6"	"V7"	"V8"	"V9"	"V10"	"V11"	"V12"	"V13"	"V14"	"V15"	"V16"	"V17"	"V18"
-0.963431793855805	-2.60680132416877	-3.45534518225582	-5.00502752196987	-1.12096934293848	-3.22348160847959	-5.0069363249188	-3.39883281779527	-4.11909732673629	-3.72106380386785	-3.90926070201202	-4.44666123872653	-4.2382795184606	-4.71669832553563	-4.55710307626298	-4.85272775150558	-5.36748255142307	-4.87386654722082
0.105574563043712	0.141222491193943	0.117103886128447	0.853131468359585	-0.570239438238201	0.157007650837497	0.170936832796296	-0.858642147264112	0.074089210176597	-0.746023046234116	0.274978954691852	0.0906336502357635	0.210692494247836	0.0974018495683447	0.317836972257224	0.10004880870762	-0.752228322317355	0.216474121809066
0.888841628729581	0.556249973421473	0.162383736013247	0.327027944629019	-1.02441391824298	0.346012892940689	-0.00636006586527114	-0.945601307383953	0.0490175285124385	-1.07183512610899	0.367701525297529	0.0615103356097327	0.363291317761667	0.0985398987873118	0.337980067434725	0.0942887406183555	-0.964057147024122	0.35942197486955
0.300375862428283	0.0437809488557213	-0.360734215037406	-0.265702099941053	0.500223040475557	0.213551662440142	-0.401055924730751	-0.0493633450400487	-0.367707972390689	-0.181093390872791	0.365269461321645	-0.348765962369257	0.253273373227364	-0.254797702967606	0.334317881737406	-0.279733406119675	0.15582200242007	0.342339786563084
-1.15005628494568	-0.0448855051480649	0.613076086202085	0.356674467842432	-1.07682665086091	0.126627774050282	0.666998020922816	-0.751073394184681	0.743281254578187	-0.672410661712984	0.122769247300745	0.540695053227058	0.0700019419786305	0.508695659283033	0.0412441322896111	0.545433123039491	-0.754815019965667	0.114570756103617
0.116888751794233	-0.0455544244709291	-0.114481049027992	-1.2088905615914	0.366214200670939	-0.0638190354616927	-0.346098826052964	0.712718155210387	-0.159805549847516	0.599062882251488	0.00568734110284868	-0.144075681972035	0.0516859719192042	-0.164048304841161	-0.147700721420626	-0.155288303887219	0.631153275670877	0.0663518799535536
0.0778804847811414	-0.668368242372501	0.382352632770618	0.264322329171003	-0.0884535610105781	-0.522334492315088	0.301364062340867	-0.148295020588971	0.527039528135387	0.277859998007067	-0.426530176298006	0.331113710491376	-0.241946725575472	0.253176173114468	-0.321969349089932	0.24088227155336	-0.120844614675419	-0.117249008439318
1.07177595042944	-0.134537401386067	0.0359602098245927	0.281384924021021	0.00268625231414227	0.0749023920894598	-0.125196779860028	-0.719856350803732	-0.0700010266768328	-0.734964661033885	0.311707059340545	-0.254413847616392	0.228099008199654	-0.0415827878935281	0.364412807413905	-0.10554882537068	-0.614419195547461	0.429592272555847
-0.507951423656545	-0.597658898406864	-0.203641270802532	-0.477716730558875	1.311764751417	-0.337867537345356	-0.0963069638016966	0.947190573912809	-0.122653847689551	1.03782574258649	-0.326059523138653	-0.282831840754413	-0.380549368149176	-0.195267278591918	-0.275086078620052	-0.168944785554285	1.00245644238405	-0.326701963230439
