"V1"	"V2"	"V3"	"V4"	"V5"	"V6"	"V7"
-0.292432532293483	0.16088510426586	0.345914592371957	0.933249120249477	-0.266936111935089	-1.00954489410253	0.783600704750699
0.0243987202745866	-0.0424841192070858	0.33710880988698	-0.160537150056977	0.357576845352215	-0.413918544231171	-0.110488218896694
-0.184780199787935	0.490643589064358	0.460823563690711	1.05381349080752	-0.174454866685957	-0.294653831315573	0.135616972586958
0.273911803742646	-0.563968324408002	0.00143732815758079	-0.959739156250562	0.649610723467374	-0.131311714917431	-0.274582162116294
0.0112905869047906	-0.0350608239547406	-0.347869348722353	0.804128420668965	-0.172292909043808	0.272327552291361	-0.193069878894717
-0.131518648762773	-0.135274485964317	1.11821762507754	0.597547808886146	0.588212276688481	-0.872308171169223	-0.193474001489198
-0.155997752938933	0.28787758559618	-0.455769864920229	0.182140169357192	-0.286359525023554	-0.168305436948528	0.593253514989127
0.207893589500742	-0.212190568208715	-0.107226269544469	-1.24538593831061	0.0514010838524267	0.72153084362983	-0.410885680394791
-0.196912164121136	0.905109138064383	-0.213954274728364	0.478036478761818	-0.739257508523319	0.263927833736634	0.462784021025444
