"V1"	"V2"	"V3"	"V4"	"V5"	"V6"	"V7"	"V8"
-1.44410391468701	-0.0525940968028202	0.35485817534396	0.054307190674907	-0.324950751451843	0.175821051781079	1.42761777332858	-0.886988866059408
-2.23856222620176	0.0838296423289272	0.314202571848183	-0.353711364371407	0.161375028996736	0.0609838585413773	0.470015162598954	-1.04910024363092
-2.77312941322137	0.595968807181224	0.464647594044183	0.0538955260764646	-0.0872092390649378	0.164541963662273	0.573804545296815	-1.5085023906749
0.275703169874179	0.943742570652889	0.249999352392606	-0.634440166981025	1.26165996946765	0.156607324490045	-0.502198516166975	0.736179556800203
-1.13612293667101	-0.0678437485171291	0.0611887430280335	-0.168103765265284	-0.250642325271408	0.00674674258780766	-0.238660014214464	-1.07440172116044
-0.811468717694079	-0.283059053188154	-0.315257064693652	0.287119667969489	-0.200732506159879	-0.417606010130273	-2.06600306072347	0.956357105290994
-2.21790977398015	-0.85697879359072	-0.1420097706545	-0.0811680412628733	-0.670006331156781	0.0502321891733715	0.731078358463025	-2.02552624035415
4.25643782218714	-0.190114086958825	0.149036588941441	0.0952656219099338	-0.0545046452198392	0.176438625142933	0.884670390354963	3.84264501461831
-0.689441276943242	1.6867009024292	-0.183146490066041	-0.108725463692022	-0.809975323551271	-0.439115482484804	0.0778788692183403	0.265730071560525
